MSFT 870747 and the Infor ... 
DATE | OPEN | HIGH | LOW | CLOSE | ADJ_CLOSE 
2023-01-03| 243.08| 245.75| 237.4| 239.58| 238.981| 25740000
2023-01-04| 232.28| 232.87| 225.96| 229.1| 228.528| 50623400
2023-01-05| 227.2| 227.55| 221.76| 222.31| 221.755| 39585600
2023-01-06| 223| 225.76| 219.35| 224.93| 224.368| 43613600
2023-01-09| 226.45| 231.24| 226.41| 227.12| 226.553| 27369800
2023-01-10| 227.76| 231.31| 227.33| 228.85| 228.278| 27033900
2023-01-11| 231.29| 235.95| 231.11| 235.77| 235.181| 28669300
2023-01-12| 235.26| 239.9| 233.56| 238.51| 237.914| 27269500
2023-01-13| 237| 239.37| 234.92| 239.23| 238.632| 21333300
2023-01-17| 237.97| 240.91| 237.09| 240.35| 239.75| 29831300
2023-01-18| 241.57| 242.38| 235.52| 235.81| 235.221| 30028700
2023-01-19| 233.78| 235.52| 230.68| 231.93| 231.351| 28623000
2023-01-20| 234.86| 240.74| 234.51| 240.22| 239.62| 35389800
2023-01-23| 241.1| 245.17| 239.65| 242.58| 241.974| 31934000
2023-01-24| 242.5| 243.95| 240.44| 242.04| 241.435| 40234400
2023-01-25| 234.48| 243.3| 230.9| 240.61| 240.009| 66526600
2023-01-26| 243.65| 248.31| 242| 248| 247.38| 33454500
2023-01-27| 248.99| 249.83| 246.83| 248.16| 247.54| 26498900
2023-01-30| 244.51| 245.6| 242.2| 242.71| 242.104| 25867400
